267,-50
272,-51
270,-51
243,-77
247,-83
252,-84
284,-118
288,-124
341,-119
345,-125
370,-133
375,-139
382,-143
395,-155
403,-156
410,-156
483,-269
490,-272
486,-273
482,-274
484,-282
325,-365
319,-369
314,-363
242,-356
238,-363
231,-366
123,-367
118,-362
112,-356
104,-354
95,-354
54,-341
51,-348
47,-356
150,-613
158,-609
164,-614
262,-524
265,-470
259,-465
253,-458
253,-449
258,-442
267,-441
274,-436
277,-428
266,-397
266,-390
263,-382
260,-375
260,-367
261,-368
289,-360
294,-357
300,-357
313,-355
310,-353
300,-351
301,-351
306,-349
264,-51
261,-59
267,-65
275,-65
276,-71
274,-78
296,-153
290,-154
286,-151
284,-145
288,-142
294,-139
298,-136
301,-137
283,-137
276,-132
231,-138
228,-142
223,-141
220,-136
217,-140
219,-148
182,-177
178,-172
179,-175
174,-178
135,-191
129,-192
134,-198
141,-202
135,-199
128,-194
112,-186
104,-185
106,-191
113,-197
110,-199
103,-193
35,-231
38,-237
32,-243
16,-284
23,-285
8,-245
6,-252
2,-257
4,-263
42,-376
38,-607
40,-612
226,-620
233,-618
237,-616
245,-544
244,-539
244,-543
244,-542
248,-534
264,-526
267,-521
259,-519
250,-518
250,-513
253,-519
246,-523
207,-476
203,-471
202,-465
191,-429
188,-425
173,-416
168,-413
157,-411
154,-408
159,-406
165,-410
399,-355
406,-355
408,-363
409,-362
412,-356
419,-357
423,-353
422,-347
506,-302
502,-307
503,-315
500,-315
502,-310
231,-133
227,-140
233,-146
226,-151
179,-171
171,-168
163,-172
169,-175
170,-179
162,-181
26,-318
30,-351
29,-360
29,-393
251,-554
255,-547
260,-541
261,-535
269,-495
272,-490
268,-485
265,-478
264,-469
230,-355
231,-355
232,-359
240,-363
488,-588
489,-582
490,-573
334,-167
333,-161
331,-163
263,-490
258,-611
254,-615
249,-622
242,-625
86,-620
79,-622
73,-621
68,-623
63,-626
57,-624
98,-371
106,-368
114,-365
122,-370
213,-362
222,-362
231,-366
239,-367
243,-370
248,-369
254,-370
261,-374
339,-365
347,-367
353,-373
359,-373
362,-373
372,-369
380,-365
388,-364
396,-363
402,-362
408,-362
415,-366
423,-365
464,-364
469,-364
476,-365
490,-215
305,-119
300,-114
294,-111
288,-108
280,-105
272,-102
248,-110
242,-106
239,-101
235,-106
231,-110
227,-114
227,-122
165,-177
160,-177
154,-180
146,-182
138,-185
121,-182
113,-183
108,-184
102,-183
85,-182
79,-182
74,-184
66,-185
49,-189
241,-365
245,-372
252,-378
261,-435
264,-436
260,-441
267,-398
270,-391
270,-390
269,-385
271,-378
259,-318
258,-323
258,-574
263,-581
301,-626
308,-624
310,-622
311,-622
312,-626
388,-641
398,-641
499,-407
496,-399
494,-393
462,-355
120,-188
128,-186
276,-70
277,-77
262,-460
262,-466
266,-560
269,-568
241,-628
248,-382
248,-391
244,-405
250,-410
259,-409
266,-413
265,-421
271,-422
272,-414
268,-410
260,-407
269,-373
277,-375
442,-194
435,-190
427,-186
360,-189
352,-185
353,-177
299,-110
290,-111
286,-104
289,-97
282,-97
260,-102
231,-115
231,-132
228,-138
223,-140
186,-171
55,-351
61,-357
479,-631
473,-628
498,-417
506,-395
505,-396
505,-393
508,-386
504,-209
440,-194
440,-194
287,-29
286,-29
249,-113
251,-121
243,-123
243,-124
242,-132
236,-138
229,-139
25,-238
23,-245
24,-254
224,-364
230,-365
230,-367
233,-363
237,-356
299,-352
295,-355
292,-353
261,-369
260,-375
267,-380
266,-453
253,-629
253,-629
22,-400
24,-392
24,-383
29,-377
110,-364
117,-369
221,-351
246,-368
248,-369
245,-371
304,-343
300,-348
298,-353
294,-356
291,-357
291,-352
295,-353
296,-360
384,-370
383,-370
383,-371
381,-373
377,-373
361,-484
361,-483
365,-484
360,-485
360,-487
357,-489
308,-494
302,-499
299,-501
287,-502
432,-356
264,-461
264,-482
263,-486
263,-486
264,-487
264,-496
268,-548
267,-548
265,-550
264,-551
264,-554
265,-563
279,-595
280,-588
259,-494
260,-492
261,-490
262,-485
264,-476
262,-434
262,-434
262,-434
260,-429
259,-420
87,-363
80,-360
74,-354
187,-180
193,-174
211,-134
219,-132
228,-135
253,-121
254,-118
253,-109
277,-4
281,-3
287,-8
288,-14
332,-163
334,-166
335,-166
337,-166
341,-167
340,-166
313,-136
317,-134
284,-367
280,-367
274,-361
65,-363
61,-355
48,-335
45,-334
40,-202
40,-202
41,-207
44,-206
49,-203
350,-504
345,-510
336,-511
279,-489
273,-494
272,-503
253,-616
188,-629
181,-624
41,-629
41,-629
25,-415
25,-415
25,-414
26,-382
26,-381
23,-363
23,-363
24,-364
188,-362
237,-361
237,-361
261,-363
263,-363
493,-356
492,-350
487,-215
487,-218
487,-220
290,-140
290,-139
291,-139
294,-139
291,-34
290,-36
233,-634
92,-649
91,-649
407,-189
416,-190
417,-198
415,-202
421,-198
493,-197
490,-338
298,-358
298,-358
269,-455
298,-371
301,-371
308,-370
305,-369
299,-371
270,-400
263,-396
259,-396
258,-396
258,-390
287,-336
290,-335
409,-361
409,-369
429,-352
434,-350
436,-346
346,-165
340,-170
335,-175
319,-165
317,-157
318,-148
260,-137
264,-131
271,-128
277,-104
283,-98
281,-94
273,-94
269,-93
274,-86
317,-15
313,-16
310,-22
297,-83
299,-81
300,-87
299,-112
290,-112
183,-170
182,-164
187,-167
186,-166
181,-169
179,-173
35,-298
27,-295
30,-288
33,-295
268,-453
264,-450
265,-447
267,-449
268,-538
266,-537
266,-536
261,-521
259,-520
259,-524
261,-532
270,-583
263,-587
260,-592
268,-595
295,-618
298,-624
332,-626
329,-631
326,-628
337,-631
343,-630
349,-627
356,-626
460,-653
468,-649
471,-650
485,-650
486,-645
490,-443
493,-438
494,-438
496,-433
514,-362
513,-355
506,-350
511,-255
505,-252
500,-250
500,-244
355,-166
347,-164
328,-153
321,-154
315,-147
300,-140
283,-138
267,-132
267,-123
263,-118
256,-121
254,-125
250,-127
225,-156
220,-162
222,-167
217,-178
212,-178
208,-173
91,-178
83,-180
44,-205
42,-211
39,-226
38,-232
36,-241
38,-332
46,-336
53,-339
212,-354
218,-353
225,-358
230,-365
311,-354
316,-357
316,-358
321,-359
327,-361
332,-359
337,-355
354,-354
362,-357
367,-363
411,-367
416,-363
421,-358
428,-355
433,-354
436,-348
437,-343
434,-337
270,-536
270,-536
271,-535
271,-539
210,-629
203,-634
37,-452
37,-448
37,-443
54,-187
63,-188
248,-96
255,-96
259,-95
257,-87
281,-3
284,-7
285,-13
283,-30
386,-172
388,-167
387,-165
393,-166
392,-175
286,-372
279,-372
272,-367
267,-366
263,-371
267,-373
267,-496
261,-494
260,-489
262,-519
262,-520
260,-516
260,-515
260,-514
260,-521
263,-527
265,-529
259,-531
259,-539
265,-545
272,-594
259,-477
257,-485
277,-602
280,-604
279,-600
280,-527
280,-497
280,-494
326,-495
335,-495
408,-441
409,-435
402,-429
404,-364
398,-365
391,-364
386,-361
322,-358
315,-355
315,-355
317,-355
313,-360
294,-364
289,-358
281,-355
238,-354
236,-347
236,-345
236,-346
216,-354
182,-359
177,-363
175,-368
31,-296
244,-129
247,-124
242,-121
247,-84
244,-76
235,-76
228,-81
220,-80
212,-85
209,-80
217,-81
222,-89
198,-175
194,-181
195,-188
385,-178
385,-185
383,-194
386,-191
391,-186
433,-176
435,-176
438,-174
446,-178
266,-51
267,-57
268,-58
282,-90
282,-91
361,-178
358,-176
489,-193
493,-200
490,-207
489,-213
493,-220
493,-421
492,-429
497,-436
461,-428
452,-428
444,-429
435,-430
426,-431
304,-522
297,-521
293,-515
289,-514
286,-520
284,-528
269,-585
265,-592
270,-598
275,-605
269,-610
263,-615
233,-630
227,-631
205,-626
197,-629
128,-636
120,-639
39,-613
35,-609
30,-615
32,-623
35,-629
35,-630
35,-628
23,-570
25,-564
28,-564
30,-558
26,-550
22,-291
22,-283
23,-274
24,-265
27,-217
57,-202
65,-199
205,-148
206,-145
206,-145
242,-111
241,-111
35,-222
31,-231
245,-424
493,-359
493,-359
493,-355
493,-198
492,-199
482,-196
480,-194
477,-191
472,-188
469,-185
434,-176
430,-178
425,-173
398,-173
393,-173
372,-171
371,-171
290,-141
283,-140
275,-137
267,-136
201,-175
192,-175
184,-177
265,-491
262,-498
267,-493
272,-490
268,-497
267,-558
30,-457
37,-442
34,-436
31,-429
337,-164
337,-168
336,-167
335,-167
333,-168
306,-180
301,-186
298,-186
357,-175
364,-172
372,-173
380,-176
354,-366
346,-368
251,-377
246,-375
240,-375
233,-373
226,-367
228,-366
226,-367
218,-366
209,-367
61,-374
37,-383
33,-378
33,-370
103,-198
380,-472
376,-479
376,-477
375,-481
366,-482
309,-498
306,-499
300,-503
292,-502
284,-497
277,-499
275,-499
273,-498
267,-477
264,-472
264,-472
258,-59
259,-67
292,-129
299,-133
306,-128
311,-134
416,-177
423,-173
401,-371
401,-372
393,-382
385,-386
320,-364
282,-382
35,-372
52,-373
127,-369
134,-372
142,-368
148,-363
142,-362
134,-366
208,-156
208,-148
202,-142
198,-136
200,-128
205,-121
357,-165
358,-165
352,-166
344,-166
297,-130
289,-127
237,-2
243,-2
251,-2
257,-2
264,-7
177,-174
178,-173
177,-173
173,-170
168,-177
48,-203
41,-208
38,-214
36,-222
29,-227
24,-232
25,-241
18,-301
18,-310
22,-317
28,-323
26,-350
31,-356
40,-356
44,-362
52,-364
165,-358
166,-366
163,-374
162,-389
161,-389
157,-391
161,-398
168,-402
169,-448
176,-446
178,-438
187,-424
195,-424
253,-439
252,-439
246,-412
251,-406
239,-375
236,-367
243,-362
260,-360
267,-364
310,-355
310,-356
315,-362
370,-415
378,-415
386,-413
388,-418
358,-507
357,-503
356,-503
352,-510
344,-510
337,-512
305,-517
299,-512
292,-516
270,-590
266,-596
259,-600
264,-605
272,-608
457,-629
466,-631
474,-633
478,-627
489,-444
496,-412
499,-405
499,-396
497,-370
497,-367
495,-332
493,-329
493,-329
425,-359
416,-358
414,-354
420,-354
424,-358
265,-459
266,-459
265,-460
264,-468
264,-476
265,-476
269,-478
269,-478
269,-478
267,-483
260,-488
261,-495
259,-601
258,-606
263,-613
268,-619
260,-622
251,-620
104,-421
112,-418
120,-422
128,-426
133,-419
137,-417
145,-416
179,-422
180,-431
188,-431
195,-426
204,-411
212,-413
238,-411
285,-372
291,-376
295,-370
297,-368
432,-359
441,-359
445,-366
451,-364
456,-357
486,-331
486,-327
487,-323
489,-316
490,-307
488,-228
492,-225
499,-228
506,-233
506,-228
508,-224
501,-219
493,-222
487,-226
482,-223
478,-216
478,-208
470,-205
356,-176
348,-178
342,-174
309,-113
303,-112
306,-116
313,-121
321,-125
322,-133
321,-141
327,-147
331,-147
335,-146
345,-171
353,-169
419,-185
425,-190
429,-198
437,-198
316,-366
262,-362
261,-369
261,-374
265,-491
262,-498
267,-493
272,-490
268,-497
267,-558
30,-457
37,-442
34,-436
31,-429
337,-164
337,-168
336,-167
335,-167
333,-168
306,-180
301,-186
298,-186
266,-451
246,-375
238,-373
229,-371
99,-360
90,-359
83,-355
78,-358
42,-331
112,-200
112,-201
201,-202
324,-202
329,-202
488,-304
341,-360
292,-363
291,-363
291,-360
291,-361
286,-367
257,-451
31,-589
80,-183
